Time-domain signal values (raw microphone data)
0.000000000000000000e+00 0.000000000000000000e+00
5.777007510109763368e-05 0.000000000000000000e+00
1.155401502021952674e-04 0.000000000000000000e+00
1.733102253032929010e-04 0.000000000000000000e+00
2.310803004043905347e-04 0.000000000000000000e+00
2.888503755054881413e-04 0.000000000000000000e+00
3.466204506065858021e-04 0.000000000000000000e+00
4.043905257076834086e-04 0.000000000000000000e+00
4.621606008087810694e-04 0.000000000000000000e+00
5.199306759098786760e-04 0.000000000000000000e+00
5.777007510109762826e-04 0.000000000000000000e+00
6.354708261120739976e-04 0.000000000000000000e+00
6.932409012131716041e-04 0.000000000000000000e+00
7.510109763142692107e-04 0.000000000000000000e+00
8.087810514153668173e-04 0.000000000000000000e+00
8.665511265164644239e-04 0.000000000000000000e+00
9.243212016175621389e-04 0.000000000000000000e+00
9.820912767186597454e-04 0.000000000000000000e+00
1.039861351819757352e-03 0.000000000000000000e+00
1.097631426920854959e-03 2.550000000000000000e+02
1.155401502021952565e-03 2.550000000000000000e+02
1.213171577123050172e-03 2.550000000000000000e+02
1.270941652224147995e-03 2.550000000000000000e+02
1.328711727325245602e-03 2.550000000000000000e+02
1.386481802426343208e-03 2.550000000000000000e+02
1.444251877527440815e-03 2.550000000000000000e+02
1.502021952628538421e-03 2.550000000000000000e+02
1.559792027729636028e-03 2.550000000000000000e+02
1.617562102830733635e-03 2.550000000000000000e+02
1.675332177931831241e-03 2.550000000000000000e+02
1.733102253032928848e-03 2.550000000000000000e+02
1.790872328134026671e-03 2.550000000000000000e+02
1.848642403235124278e-03 2.550000000000000000e+02
1.906412478336221884e-03 2.550000000000000000e+02
1.964182553437319491e-03 2.550000000000000000e+02
2.021952628538417097e-03 2.550000000000000000e+02
2.079722703639514704e-03 2.550000000000000000e+02
2.137492778740612311e-03 2.550000000000000000e+02
2.195262853841709917e-03 2.550000000000000000e+02
2.253032928942807524e-03 0.000000000000000000e+00
2.310803004043905130e-03 0.000000000000000000e+00
2.368573079145002737e-03 0.000000000000000000e+00
2.426343154246100343e-03 0.000000000000000000e+00
2.484113229347197950e-03 0.000000000000000000e+00
2.541883304448295990e-03 0.000000000000000000e+00
2.599653379549393597e-03 0.000000000000000000e+00
2.657423454650491203e-03 0.000000000000000000e+00
2.715193529751588810e-03 0.000000000000000000e+00
2.772963604852686417e-03 0.000000000000000000e+00
2.830733679953784023e-03 0.000000000000000000e+00
2.888503755054881630e-03 0.000000000000000000e+00
2.946273830155979236e-03 0.000000000000000000e+00
3.004043905257076843e-03 0.000000000000000000e+00
3.061813980358174449e-03 0.000000000000000000e+00
3.119584055459272056e-03 0.000000000000000000e+00
3.177354130560369663e-03 0.000000000000000000e+00
3.235124205661467269e-03 0.000000000000000000e+00
3.292894280762564876e-03 0.000000000000000000e+00
3.350664355863662482e-03 2.550000000000000000e+02
3.408434430964760089e-03 2.550000000000000000e+02
3.466204506065857695e-03 2.550000000000000000e+02
3.523974581166955302e-03 2.550000000000000000e+02
3.581744656268053342e-03 2.550000000000000000e+02
3.639514731369150949e-03 2.550000000000000000e+02
3.697284806470248555e-03 2.550000000000000000e+02
3.755054881571346162e-03 2.550000000000000000e+02
3.812824956672443769e-03 2.550000000000000000e+02
3.870595031773541375e-03 2.550000000000000000e+02
3.928365106874638982e-03 2.550000000000000000e+02
3.986135181975736588e-03 2.550000000000000000e+02
4.043905257076834195e-03 2.550000000000000000e+02
4.101675332177931801e-03 2.550000000000000000e+02
4.159445407279029408e-03 2.550000000000000000e+02
4.217215482380127015e-03 2.550000000000000000e+02
4.274985557481224621e-03 2.550000000000000000e+02
4.332755632582322228e-03 2.550000000000000000e+02
4.390525707683419834e-03 2.550000000000000000e+02
4.448295782784517441e-03 2.550000000000000000e+02
4.506065857885615047e-03 0.000000000000000000e+00
4.563835932986712654e-03 0.000000000000000000e+00
4.621606008087810261e-03 0.000000000000000000e+00
4.679376083188907867e-03 0.000000000000000000e+00
4.737146158290005474e-03 0.000000000000000000e+00
4.794916233391103080e-03 0.000000000000000000e+00
4.852686308492200687e-03 0.000000000000000000e+00
4.910456383593298293e-03 0.000000000000000000e+00
4.968226458694395900e-03 0.000000000000000000e+00
5.025996533795493507e-03 0.000000000000000000e+00
5.083766608896591981e-03 0.000000000000000000e+00
5.141536683997689587e-03 0.000000000000000000e+00
5.199306759098787194e-03 0.000000000000000000e+00
5.257076834199884800e-03 0.000000000000000000e+00
5.314846909300982407e-03 0.000000000000000000e+00
5.372616984402080013e-03 0.000000000000000000e+00
5.430387059503177620e-03 0.000000000000000000e+00
5.488157134604275227e-03 0.000000000000000000e+00
5.545927209705372833e-03 0.000000000000000000e+00
5.603697284806470440e-03 2.550000000000000000e+02
5.661467359907568046e-03 2.550000000000000000e+02
5.719237435008665653e-03 2.550000000000000000e+02
5.777007510109763259e-03 2.550000000000000000e+02
5.834777585210860866e-03 2.550000000000000000e+02
5.892547660311958473e-03 2.550000000000000000e+02
5.950317735413056079e-03 2.550000000000000000e+02
6.008087810514153686e-03 2.550000000000000000e+02
6.065857885615251292e-03 2.550000000000000000e+02
6.123627960716348899e-03 2.550000000000000000e+02
6.181398035817446505e-03 2.550000000000000000e+02
6.239168110918544112e-03 2.550000000000000000e+02
6.296938186019641719e-03 2.550000000000000000e+02
6.354708261120739325e-03 2.550000000000000000e+02
6.412478336221836932e-03 2.550000000000000000e+02
6.470248411322934538e-03 2.550000000000000000e+02
6.528018486424032145e-03 2.550000000000000000e+02
6.585788561525129751e-03 2.550000000000000000e+02
6.643558636626227358e-03 2.550000000000000000e+02
6.701328711727324965e-03 2.550000000000000000e+02
6.759098786828422571e-03 0.000000000000000000e+00
6.816868861929520178e-03 0.000000000000000000e+00
6.874638937030617784e-03 0.000000000000000000e+00
6.932409012131715391e-03 0.000000000000000000e+00
6.990179087232812997e-03 0.000000000000000000e+00
7.047949162333910604e-03 0.000000000000000000e+00
7.105719237435009078e-03 0.000000000000000000e+00
7.163489312536106685e-03 0.000000000000000000e+00
7.221259387637204291e-03 0.000000000000000000e+00
7.279029462738301898e-03 0.000000000000000000e+00
7.336799537839399504e-03 0.000000000000000000e+00
7.394569612940497111e-03 0.000000000000000000e+00
7.452339688041594717e-03 0.000000000000000000e+00
7.510109763142692324e-03 0.000000000000000000e+00
7.567879838243789931e-03 0.000000000000000000e+00
7.625649913344887537e-03 0.000000000000000000e+00
7.683419988445985144e-03 0.000000000000000000e+00
7.741190063547082750e-03 0.000000000000000000e+00
7.798960138648180357e-03 0.000000000000000000e+00
7.856730213749277963e-03 2.550000000000000000e+02
7.914500288850375570e-03 2.550000000000000000e+02
7.972270363951473177e-03 2.550000000000000000e+02
8.030040439052570783e-03 2.550000000000000000e+02
8.087810514153668390e-03 2.550000000000000000e+02
8.145580589254765996e-03 2.550000000000000000e+02
8.203350664355863603e-03 2.550000000000000000e+02
8.261120739456961209e-03 2.550000000000000000e+02
8.318890814558058816e-03 2.550000000000000000e+02
8.376660889659156423e-03 2.550000000000000000e+02
8.434430964760254029e-03 2.550000000000000000e+02
8.492201039861351636e-03 2.550000000000000000e+02
8.549971114962449242e-03 2.550000000000000000e+02
8.607741190063546849e-03 2.550000000000000000e+02
8.665511265164644455e-03 2.550000000000000000e+02
8.723281340265742062e-03 2.550000000000000000e+02
8.781051415366839669e-03 2.550000000000000000e+02
8.838821490467937275e-03 2.550000000000000000e+02
8.896591565569034882e-03 2.550000000000000000e+02
8.954361640670132488e-03 2.550000000000000000e+02
9.012131715771230095e-03 0.000000000000000000e+00
9.069901790872327701e-03 0.000000000000000000e+00
9.127671865973425308e-03 0.000000000000000000e+00
9.185441941074522915e-03 0.000000000000000000e+00
9.243212016175620521e-03 0.000000000000000000e+00
9.300982091276718128e-03 0.000000000000000000e+00
9.358752166377815734e-03 0.000000000000000000e+00
9.416522241478913341e-03 0.000000000000000000e+00
9.474292316580010948e-03 0.000000000000000000e+00
9.532062391681108554e-03 0.000000000000000000e+00
9.589832466782206161e-03 0.000000000000000000e+00
9.647602541883303767e-03 0.000000000000000000e+00
9.705372616984401374e-03 0.000000000000000000e+00
9.763142692085498980e-03 0.000000000000000000e+00
9.820912767186596587e-03 0.000000000000000000e+00
9.878682842287694194e-03 0.000000000000000000e+00
9.936452917388791800e-03 0.000000000000000000e+00
9.994222992489889407e-03 0.000000000000000000e+00
1.005199306759098701e-02 0.000000000000000000e+00
1.010976314269208635e-02 2.550000000000000000e+02
1.016753321779318396e-02 2.550000000000000000e+02
1.022530329289428157e-02 2.550000000000000000e+02
1.028307336799537917e-02 2.550000000000000000e+02
1.034084344309647678e-02 2.550000000000000000e+02
1.039861351819757439e-02 2.550000000000000000e+02
1.045638359329867199e-02 2.550000000000000000e+02
1.051415366839976960e-02 2.550000000000000000e+02
1.057192374350086721e-02 2.550000000000000000e+02
1.062969381860196481e-02 2.550000000000000000e+02
1.068746389370306242e-02 2.550000000000000000e+02
1.074523396880416003e-02 2.550000000000000000e+02
1.080300404390525763e-02 2.550000000000000000e+02
1.086077411900635524e-02 2.550000000000000000e+02
1.091854419410745285e-02 2.550000000000000000e+02
1.097631426920855045e-02 2.550000000000000000e+02
1.103408434430964806e-02 2.550000000000000000e+02
1.109185441941074567e-02 2.550000000000000000e+02
1.114962449451184327e-02 2.550000000000000000e+02
1.120739456961294088e-02 2.550000000000000000e+02
1.126516464471403849e-02 0.000000000000000000e+00
1.132293471981513609e-02 0.000000000000000000e+00
1.138070479491623370e-02 0.000000000000000000e+00
1.143847487001733131e-02 0.000000000000000000e+00
1.149624494511842891e-02 0.000000000000000000e+00
1.155401502021952652e-02 0.000000000000000000e+00
1.161178509532062413e-02 0.000000000000000000e+00
1.166955517042172173e-02 0.000000000000000000e+00
1.172732524552281934e-02 0.000000000000000000e+00
1.178509532062391695e-02 0.000000000000000000e+00
1.184286539572501455e-02 0.000000000000000000e+00
1.190063547082611216e-02 0.000000000000000000e+00
1.195840554592720976e-02 0.000000000000000000e+00
1.201617562102830737e-02 0.000000000000000000e+00
1.207394569612940498e-02 0.000000000000000000e+00
1.213171577123050258e-02 0.000000000000000000e+00
1.218948584633160019e-02 0.000000000000000000e+00
1.224725592143269780e-02 0.000000000000000000e+00
1.230502599653379540e-02 0.000000000000000000e+00
1.236279607163489301e-02 2.550000000000000000e+02
1.242056614673599062e-02 2.550000000000000000e+02
1.247833622183708822e-02 2.550000000000000000e+02
1.253610629693818583e-02 2.550000000000000000e+02
1.259387637203928344e-02 2.550000000000000000e+02
1.265164644714038104e-02 2.550000000000000000e+02
1.270941652224147865e-02 2.550000000000000000e+02
1.276718659734257626e-02 2.550000000000000000e+02
1.282495667244367386e-02 2.550000000000000000e+02
1.288272674754477147e-02 2.550000000000000000e+02
1.294049682264586908e-02 2.550000000000000000e+02
1.299826689774696668e-02 2.550000000000000000e+02
1.305603697284806429e-02 2.550000000000000000e+02
1.311380704794916190e-02 2.550000000000000000e+02
1.317157712305025950e-02 2.550000000000000000e+02
1.322934719815135711e-02 2.550000000000000000e+02
1.328711727325245472e-02 2.550000000000000000e+02
1.334488734835355232e-02 2.550000000000000000e+02
1.340265742345464993e-02 2.550000000000000000e+02
1.346042749855574754e-02 2.550000000000000000e+02
1.351819757365684514e-02 0.000000000000000000e+00
1.357596764875794275e-02 0.000000000000000000e+00
1.363373772385904036e-02 0.000000000000000000e+00
1.369150779896013796e-02 0.000000000000000000e+00
1.374927787406123557e-02 0.000000000000000000e+00
1.380704794916233318e-02 0.000000000000000000e+00
1.386481802426343078e-02 0.000000000000000000e+00
1.392258809936452839e-02 0.000000000000000000e+00
1.398035817446562599e-02 0.000000000000000000e+00
1.403812824956672360e-02 0.000000000000000000e+00
1.409589832466782121e-02 0.000000000000000000e+00
1.415366839976892055e-02 0.000000000000000000e+00
1.421143847487001816e-02 0.000000000000000000e+00
1.426920854997111576e-02 0.000000000000000000e+00
1.432697862507221337e-02 0.000000000000000000e+00
1.438474870017331098e-02 0.000000000000000000e+00
1.444251877527440858e-02 0.000000000000000000e+00
1.450028885037550619e-02 0.000000000000000000e+00
1.455805892547660380e-02 0.000000000000000000e+00
1.461582900057770140e-02 2.550000000000000000e+02
1.467359907567879901e-02 2.550000000000000000e+02
1.473136915077989662e-02 2.550000000000000000e+02
1.478913922588099422e-02 2.550000000000000000e+02
1.484690930098209183e-02 2.550000000000000000e+02
1.490467937608318943e-02 2.550000000000000000e+02
1.496244945118428704e-02 2.550000000000000000e+02
1.502021952628538465e-02 2.550000000000000000e+02
1.507798960138648225e-02 2.550000000000000000e+02
1.513575967648757986e-02 2.550000000000000000e+02
1.519352975158867747e-02 2.550000000000000000e+02
1.525129982668977507e-02 2.550000000000000000e+02
1.530906990179087268e-02 2.550000000000000000e+02
1.536683997689197029e-02 2.550000000000000000e+02
1.542461005199306789e-02 2.550000000000000000e+02
1.548238012709416550e-02 2.550000000000000000e+02
1.554015020219526311e-02 2.550000000000000000e+02
1.559792027729636071e-02 2.550000000000000000e+02
1.565569035239745832e-02 2.550000000000000000e+02
1.571346042749855593e-02 2.550000000000000000e+02
1.577123050259965353e-02 0.000000000000000000e+00
1.582900057770075114e-02 0.000000000000000000e+00
1.588677065280184875e-02 0.000000000000000000e+00
1.594454072790294635e-02 0.000000000000000000e+00
1.600231080300404396e-02 0.000000000000000000e+00
1.606008087810514157e-02 0.000000000000000000e+00
1.611785095320623917e-02 0.000000000000000000e+00
1.617562102830733678e-02 0.000000000000000000e+00
1.623339110340843439e-02 0.000000000000000000e+00
1.629116117850953199e-02 0.000000000000000000e+00
1.634893125361062960e-02 0.000000000000000000e+00
1.640670132871172721e-02 0.000000000000000000e+00
1.646447140381282481e-02 0.000000000000000000e+00
1.652224147891392242e-02 0.000000000000000000e+00
1.658001155401502003e-02 0.000000000000000000e+00
1.663778162911611763e-02 0.000000000000000000e+00
1.669555170421721524e-02 0.000000000000000000e+00
1.675332177931831285e-02 0.000000000000000000e+00
1.681109185441941045e-02 0.000000000000000000e+00
1.686886192952050806e-02 2.550000000000000000e+02
1.692663200462160566e-02 2.550000000000000000e+02
1.698440207972270327e-02 2.550000000000000000e+02
1.704217215482380088e-02 2.550000000000000000e+02
1.709994222992489848e-02 2.550000000000000000e+02
1.715771230502599609e-02 2.550000000000000000e+02
1.721548238012709370e-02 2.550000000000000000e+02
1.727325245522819130e-02 2.550000000000000000e+02
1.733102253032928891e-02 2.550000000000000000e+02
1.738879260543038652e-02 2.550000000000000000e+02
1.744656268053148412e-02 2.550000000000000000e+02
1.750433275563258173e-02 2.550000000000000000e+02
1.756210283073367934e-02 2.550000000000000000e+02
1.761987290583477694e-02 2.550000000000000000e+02
1.767764298093587455e-02 2.550000000000000000e+02
1.773541305603697216e-02 2.550000000000000000e+02
1.779318313113806976e-02 2.550000000000000000e+02
1.785095320623916737e-02 2.550000000000000000e+02
1.790872328134026498e-02 2.550000000000000000e+02
1.796649335644136258e-02 2.550000000000000000e+02
1.802426343154246019e-02 0.000000000000000000e+00
1.808203350664355780e-02 0.000000000000000000e+00
1.813980358174465540e-02 0.000000000000000000e+00
1.819757365684575301e-02 0.000000000000000000e+00
1.825534373194685062e-02 0.000000000000000000e+00
1.831311380704794822e-02 0.000000000000000000e+00
1.837088388214904583e-02 0.000000000000000000e+00
1.842865395725014344e-02 0.000000000000000000e+00
1.848642403235124104e-02 0.000000000000000000e+00
1.854419410745233865e-02 0.000000000000000000e+00
1.860196418255343626e-02 0.000000000000000000e+00
1.865973425765453386e-02 0.000000000000000000e+00
1.871750433275563147e-02 0.000000000000000000e+00
1.877527440785672908e-02 0.000000000000000000e+00
1.883304448295782668e-02 0.000000000000000000e+00
1.889081455805892429e-02 0.000000000000000000e+00
1.894858463316002190e-02 0.000000000000000000e+00
1.900635470826111950e-02 0.000000000000000000e+00
1.906412478336221711e-02 0.000000000000000000e+00
1.912189485846331471e-02 3.600000000000000000e+01
1.917966493356441232e-02 2.550000000000000000e+02
1.923743500866550993e-02 2.550000000000000000e+02
1.929520508376660753e-02 2.550000000000000000e+02
1.935297515886770514e-02 2.550000000000000000e+02
1.941074523396880275e-02 2.550000000000000000e+02
1.946851530906990035e-02 2.550000000000000000e+02
1.952628538417099796e-02 2.550000000000000000e+02
1.958405545927209557e-02 2.550000000000000000e+02
1.964182553437319317e-02 2.550000000000000000e+02
1.969959560947429078e-02 2.550000000000000000e+02
1.975736568457538839e-02 2.550000000000000000e+02
1.981513575967648599e-02 2.550000000000000000e+02
1.987290583477758360e-02 2.550000000000000000e+02
1.993067590987868121e-02 2.550000000000000000e+02
1.998844598497977881e-02 2.550000000000000000e+02
2.004621606008087642e-02 2.550000000000000000e+02
2.010398613518197403e-02 2.550000000000000000e+02
2.016175621028307510e-02 2.550000000000000000e+02
2.021952628538417271e-02 2.550000000000000000e+02
2.027729636048527032e-02 0.000000000000000000e+00
2.033506643558636792e-02 0.000000000000000000e+00
2.039283651068746553e-02 0.000000000000000000e+00
2.045060658578856314e-02 0.000000000000000000e+00
2.050837666088966074e-02 0.000000000000000000e+00
2.056614673599075835e-02 0.000000000000000000e+00
2.062391681109185596e-02 0.000000000000000000e+00
2.068168688619295356e-02 0.000000000000000000e+00
2.073945696129405117e-02 0.000000000000000000e+00
2.079722703639514877e-02 0.000000000000000000e+00
2.085499711149624638e-02 0.000000000000000000e+00
2.091276718659734399e-02 0.000000000000000000e+00
2.097053726169844159e-02 0.000000000000000000e+00
2.102830733679953920e-02 0.000000000000000000e+00
2.108607741190063681e-02 0.000000000000000000e+00
2.114384748700173441e-02 0.000000000000000000e+00
2.120161756210283202e-02 0.000000000000000000e+00
2.125938763720392963e-02 0.000000000000000000e+00
2.131715771230502723e-02 0.000000000000000000e+00
2.137492778740612484e-02 0.000000000000000000e+00
2.143269786250722245e-02 2.550000000000000000e+02
2.149046793760832005e-02 2.550000000000000000e+02
2.154823801270941766e-02 2.550000000000000000e+02
2.160600808781051527e-02 2.550000000000000000e+02
2.166377816291161287e-02 2.550000000000000000e+02
2.172154823801271048e-02 2.550000000000000000e+02
2.177931831311380809e-02 2.550000000000000000e+02
2.183708838821490569e-02 2.550000000000000000e+02
2.189485846331600330e-02 2.550000000000000000e+02
2.195262853841710091e-02 2.550000000000000000e+02
2.201039861351819851e-02 2.550000000000000000e+02
2.206816868861929612e-02 2.550000000000000000e+02
2.212593876372039373e-02 2.550000000000000000e+02
2.218370883882149133e-02 2.550000000000000000e+02
2.224147891392258894e-02 2.550000000000000000e+02
2.229924898902368655e-02 2.550000000000000000e+02
2.235701906412478415e-02 2.550000000000000000e+02
2.241478913922588176e-02 2.550000000000000000e+02
2.247255921432697937e-02 2.550000000000000000e+02
2.253032928942807697e-02 0.000000000000000000e+00
2.258809936452917458e-02 0.000000000000000000e+00
2.264586943963027219e-02 0.000000000000000000e+00
2.270363951473136979e-02 0.000000000000000000e+00
2.276140958983246740e-02 0.000000000000000000e+00
2.281917966493356500e-02 0.000000000000000000e+00
2.287694974003466261e-02 0.000000000000000000e+00
2.293471981513576022e-02 0.000000000000000000e+00
2.299248989023685782e-02 0.000000000000000000e+00
2.305025996533795543e-02 0.000000000000000000e+00
2.310803004043905304e-02 0.000000000000000000e+00
2.316580011554015064e-02 0.000000000000000000e+00
2.322357019064124825e-02 0.000000000000000000e+00
2.328134026574234586e-02 0.000000000000000000e+00
2.333911034084344346e-02 0.000000000000000000e+00
2.339688041594454107e-02 0.000000000000000000e+00
2.345465049104563868e-02 0.000000000000000000e+00
2.351242056614673628e-02 0.000000000000000000e+00
2.357019064124783389e-02 0.000000000000000000e+00
2.362796071634893150e-02 0.000000000000000000e+00
2.368573079145002910e-02 2.550000000000000000e+02
2.374350086655112671e-02 2.550000000000000000e+02
2.380127094165222432e-02 2.550000000000000000e+02
2.385904101675332192e-02 2.550000000000000000e+02
2.391681109185441953e-02 2.550000000000000000e+02
2.397458116695551714e-02 2.550000000000000000e+02
2.403235124205661474e-02 2.550000000000000000e+02
2.409012131715771235e-02 2.550000000000000000e+02
2.414789139225880996e-02 2.550000000000000000e+02
2.420566146735990756e-02 2.550000000000000000e+02
2.426343154246100517e-02 2.550000000000000000e+02
2.432120161756210278e-02 2.550000000000000000e+02
2.437897169266320038e-02 2.550000000000000000e+02
2.443674176776429799e-02 2.550000000000000000e+02
2.449451184286539560e-02 2.550000000000000000e+02
2.455228191796649320e-02 2.550000000000000000e+02
2.461005199306759081e-02 2.550000000000000000e+02
2.466782206816868842e-02 2.550000000000000000e+02
2.472559214326978602e-02 2.550000000000000000e+02
2.478336221837088363e-02 0.000000000000000000e+00
2.484113229347198123e-02 0.000000000000000000e+00
2.489890236857307884e-02 0.000000000000000000e+00
2.495667244367417645e-02 0.000000000000000000e+00
2.501444251877527405e-02 0.000000000000000000e+00
2.507221259387637166e-02 0.000000000000000000e+00
2.512998266897746927e-02 0.000000000000000000e+00
2.518775274407856687e-02 0.000000000000000000e+00
2.524552281917966448e-02 0.000000000000000000e+00
2.530329289428076209e-02 0.000000000000000000e+00
2.536106296938185969e-02 0.000000000000000000e+00
2.541883304448295730e-02 0.000000000000000000e+00
2.547660311958405491e-02 0.000000000000000000e+00
2.553437319468515251e-02 0.000000000000000000e+00
2.559214326978625012e-02 0.000000000000000000e+00
2.564991334488734773e-02 0.000000000000000000e+00
2.570768341998844533e-02 0.000000000000000000e+00
2.576545349508954294e-02 0.000000000000000000e+00
2.582322357019064055e-02 0.000000000000000000e+00
2.588099364529173815e-02 0.000000000000000000e+00
2.593876372039283576e-02 2.550000000000000000e+02
2.599653379549393337e-02 2.550000000000000000e+02
2.605430387059503097e-02 2.550000000000000000e+02
2.611207394569612858e-02 2.550000000000000000e+02
2.616984402079722619e-02 2.550000000000000000e+02
2.622761409589832379e-02 2.550000000000000000e+02
2.628538417099942140e-02 2.550000000000000000e+02
2.634315424610051901e-02 2.550000000000000000e+02
2.640092432120161661e-02 2.550000000000000000e+02
2.645869439630271422e-02 2.550000000000000000e+02
2.651646447140381183e-02 2.550000000000000000e+02
2.657423454650490943e-02 2.550000000000000000e+02
2.663200462160600704e-02 2.550000000000000000e+02
2.668977469670710465e-02 2.550000000000000000e+02
2.674754477180820225e-02 2.550000000000000000e+02
2.680531484690929986e-02 2.550000000000000000e+02
2.686308492201039747e-02 2.550000000000000000e+02
2.692085499711149507e-02 2.550000000000000000e+02
2.697862507221259268e-02 2.550000000000000000e+02
2.703639514731369028e-02 0.000000000000000000e+00
2.709416522241478789e-02 0.000000000000000000e+00
2.715193529751588550e-02 0.000000000000000000e+00
2.720970537261698310e-02 0.000000000000000000e+00
2.726747544771808071e-02 0.000000000000000000e+00
2.732524552281917832e-02 0.000000000000000000e+00
2.738301559792027592e-02 0.000000000000000000e+00
2.744078567302137353e-02 0.000000000000000000e+00
2.749855574812247114e-02 0.000000000000000000e+00
2.755632582322356874e-02 0.000000000000000000e+00
2.761409589832466635e-02 0.000000000000000000e+00
2.767186597342576396e-02 0.000000000000000000e+00
2.772963604852686156e-02 0.000000000000000000e+00
2.778740612362795917e-02 0.000000000000000000e+00
2.784517619872905678e-02 0.000000000000000000e+00
2.790294627383015438e-02 0.000000000000000000e+00
2.796071634893125199e-02 0.000000000000000000e+00
2.801848642403234960e-02 0.000000000000000000e+00
2.807625649913344720e-02 0.000000000000000000e+00
2.813402657423454481e-02 0.000000000000000000e+00
2.819179664933564242e-02 2.550000000000000000e+02
2.824956672443674349e-02 2.550000000000000000e+02
2.830733679953784110e-02 2.550000000000000000e+02
2.836510687463893871e-02 2.550000000000000000e+02
2.842287694974003631e-02 2.550000000000000000e+02
2.848064702484113392e-02 2.550000000000000000e+02
2.853841709994223153e-02 2.550000000000000000e+02
2.859618717504332913e-02 2.550000000000000000e+02
2.865395725014442674e-02 2.550000000000000000e+02
2.871172732524552434e-02 2.550000000000000000e+02
2.876949740034662195e-02 2.550000000000000000e+02
2.882726747544771956e-02 2.550000000000000000e+02
2.888503755054881716e-02 2.550000000000000000e+02
2.894280762564991477e-02 2.550000000000000000e+02
2.900057770075101238e-02 2.550000000000000000e+02
2.905834777585210998e-02 2.550000000000000000e+02
2.911611785095320759e-02 2.550000000000000000e+02
2.917388792605430520e-02 2.550000000000000000e+02
2.923165800115540280e-02 2.550000000000000000e+02
2.928942807625650041e-02 0.000000000000000000e+00
2.934719815135759802e-02 0.000000000000000000e+00
2.940496822645869562e-02 0.000000000000000000e+00
2.946273830155979323e-02 0.000000000000000000e+00
2.952050837666089084e-02 0.000000000000000000e+00
2.957827845176198844e-02 0.000000000000000000e+00
2.963604852686308605e-02 0.000000000000000000e+00
2.969381860196418366e-02 0.000000000000000000e+00
2.975158867706528126e-02 0.000000000000000000e+00
2.980935875216637887e-02 0.000000000000000000e+00
2.986712882726747648e-02 0.000000000000000000e+00
2.992489890236857408e-02 0.000000000000000000e+00
2.998266897746967169e-02 0.000000000000000000e+00
3.004043905257076930e-02 0.000000000000000000e+00
3.009820912767186690e-02 0.000000000000000000e+00
3.015597920277296451e-02 0.000000000000000000e+00
3.021374927787406212e-02 0.000000000000000000e+00
3.027151935297515972e-02 0.000000000000000000e+00
3.032928942807625733e-02 0.000000000000000000e+00
3.038705950317735494e-02 0.000000000000000000e+00
3.044482957827845254e-02 2.550000000000000000e+02
3.050259965337955015e-02 2.550000000000000000e+02
3.056036972848064776e-02 2.550000000000000000e+02
3.061813980358174536e-02 2.550000000000000000e+02
3.067590987868284297e-02 2.550000000000000000e+02
3.073367995378394057e-02 2.550000000000000000e+02
3.079145002888503818e-02 2.550000000000000000e+02
3.084922010398613579e-02 2.550000000000000000e+02
3.090699017908723339e-02 2.550000000000000000e+02
3.096476025418833100e-02 2.550000000000000000e+02
3.102253032928942861e-02 2.550000000000000000e+02
3.108030040439052621e-02 2.550000000000000000e+02
3.113807047949162382e-02 2.550000000000000000e+02
3.119584055459272143e-02 2.550000000000000000e+02
3.125361062969381903e-02 2.550000000000000000e+02
3.131138070479491664e-02 2.550000000000000000e+02
3.136915077989601425e-02 2.550000000000000000e+02
3.142692085499711185e-02 2.550000000000000000e+02
3.148469093009820946e-02 2.550000000000000000e+02
3.154246100519930707e-02 0.000000000000000000e+00
3.160023108030040467e-02 0.000000000000000000e+00
3.165800115540150228e-02 0.000000000000000000e+00
3.171577123050259989e-02 0.000000000000000000e+00
3.177354130560369749e-02 0.000000000000000000e+00
3.183131138070479510e-02 0.000000000000000000e+00
3.188908145580589271e-02 0.000000000000000000e+00
3.194685153090699031e-02 0.000000000000000000e+00
3.200462160600808792e-02 0.000000000000000000e+00
3.206239168110918553e-02 0.000000000000000000e+00
3.212016175621028313e-02 0.000000000000000000e+00
3.217793183131138074e-02 0.000000000000000000e+00
3.223570190641247835e-02 0.000000000000000000e+00
3.229347198151357595e-02 0.000000000000000000e+00
3.235124205661467356e-02 0.000000000000000000e+00
3.240901213171577117e-02 0.000000000000000000e+00
3.246678220681686877e-02 0.000000000000000000e+00
3.252455228191796638e-02 0.000000000000000000e+00
3.258232235701906399e-02 0.000000000000000000e+00
3.264009243212016159e-02 0.000000000000000000e+00
3.269786250722125920e-02 2.550000000000000000e+02
3.275563258232235681e-02 2.550000000000000000e+02
3.281340265742345441e-02 2.550000000000000000e+02
3.287117273252455202e-02 2.550000000000000000e+02
3.292894280762564962e-02 2.550000000000000000e+02
3.298671288272674723e-02 2.550000000000000000e+02
3.304448295782784484e-02 2.550000000000000000e+02
3.310225303292894244e-02 2.550000000000000000e+02
3.316002310803004005e-02 2.550000000000000000e+02
3.321779318313113766e-02 2.550000000000000000e+02
3.327556325823223526e-02 2.550000000000000000e+02
3.333333333333333287e-02 2.550000000000000000e+02
3.339110340843443048e-02 2.550000000000000000e+02
3.344887348353552808e-02 2.550000000000000000e+02
3.350664355863662569e-02 2.550000000000000000e+02
3.356441363373772330e-02 2.550000000000000000e+02
3.362218370883882090e-02 2.550000000000000000e+02
3.367995378393991851e-02 2.550000000000000000e+02
3.373772385904101612e-02 2.550000000000000000e+02
3.379549393414211372e-02 0.000000000000000000e+00
3.385326400924321133e-02 0.000000000000000000e+00
3.391103408434430894e-02 0.000000000000000000e+00
3.396880415944540654e-02 0.000000000000000000e+00
3.402657423454650415e-02 0.000000000000000000e+00
3.408434430964760176e-02 0.000000000000000000e+00
3.414211438474869936e-02 0.000000000000000000e+00
3.419988445984979697e-02 0.000000000000000000e+00
3.425765453495089458e-02 0.000000000000000000e+00
3.431542461005199218e-02 0.000000000000000000e+00
3.437319468515308979e-02 0.000000000000000000e+00
3.443096476025418740e-02 0.000000000000000000e+00
3.448873483535528500e-02 0.000000000000000000e+00
3.454650491045638261e-02 0.000000000000000000e+00
3.460427498555748022e-02 0.000000000000000000e+00
3.466204506065857782e-02 0.000000000000000000e+00
3.471981513575967543e-02 0.000000000000000000e+00
3.477758521086077304e-02 0.000000000000000000e+00
3.483535528596187064e-02 0.000000000000000000e+00
3.489312536106296825e-02 0.000000000000000000e+00
3.495089543616406585e-02 2.550000000000000000e+02
3.500866551126516346e-02 2.550000000000000000e+02
3.506643558636626107e-02 2.550000000000000000e+02
3.512420566146735867e-02 2.550000000000000000e+02
3.518197573656845628e-02 2.550000000000000000e+02
3.523974581166955389e-02 2.550000000000000000e+02
3.529751588677065149e-02 2.550000000000000000e+02
3.535528596187174910e-02 2.550000000000000000e+02
3.541305603697284671e-02 2.550000000000000000e+02
3.547082611207394431e-02 2.550000000000000000e+02
3.552859618717504192e-02 2.550000000000000000e+02
3.558636626227613953e-02 2.550000000000000000e+02
3.564413633737723713e-02 2.550000000000000000e+02
3.570190641247833474e-02 2.550000000000000000e+02
3.575967648757943235e-02 2.550000000000000000e+02
3.581744656268052995e-02 2.550000000000000000e+02
3.587521663778162756e-02 2.550000000000000000e+02
3.593298671288272517e-02 2.550000000000000000e+02
3.599075678798382277e-02 2.550000000000000000e+02
3.604852686308492038e-02 0.000000000000000000e+00
3.610629693818601799e-02 0.000000000000000000e+00
3.616406701328711559e-02 0.000000000000000000e+00
3.622183708838821320e-02 0.000000000000000000e+00
3.627960716348931081e-02 0.000000000000000000e+00
3.633737723859040841e-02 0.000000000000000000e+00
3.639514731369150602e-02 0.000000000000000000e+00
3.645291738879260363e-02 0.000000000000000000e+00
3.651068746389370123e-02 0.000000000000000000e+00
3.656845753899479884e-02 0.000000000000000000e+00
3.662622761409589645e-02 0.000000000000000000e+00
3.668399768919699405e-02 0.000000000000000000e+00
3.674176776429809166e-02 0.000000000000000000e+00
3.679953783939918927e-02 0.000000000000000000e+00
3.685730791450028687e-02 0.000000000000000000e+00
3.691507798960138448e-02 0.000000000000000000e+00
3.697284806470248208e-02 0.000000000000000000e+00
3.703061813980357969e-02 0.000000000000000000e+00
3.708838821490467730e-02 0.000000000000000000e+00
3.714615829000577490e-02 0.000000000000000000e+00
3.720392836510687251e-02 2.550000000000000000e+02
3.726169844020797012e-02 2.550000000000000000e+02
3.731946851530906772e-02 2.550000000000000000e+02
3.737723859041016533e-02 2.550000000000000000e+02
3.743500866551126294e-02 2.550000000000000000e+02
3.749277874061236054e-02 2.550000000000000000e+02
3.755054881571345815e-02 2.550000000000000000e+02
3.760831889081455576e-02 2.550000000000000000e+02
3.766608896591565336e-02 2.550000000000000000e+02
3.772385904101675097e-02 2.550000000000000000e+02
3.778162911611784858e-02 2.550000000000000000e+02
3.783939919121894618e-02 2.550000000000000000e+02
3.789716926632004379e-02 2.550000000000000000e+02
3.795493934142114140e-02 2.550000000000000000e+02
3.801270941652223900e-02 2.550000000000000000e+02
3.807047949162333661e-02 2.550000000000000000e+02
3.812824956672443422e-02 2.550000000000000000e+02
3.818601964182553182e-02 2.550000000000000000e+02
3.824378971692662943e-02 2.550000000000000000e+02
3.830155979202772704e-02 0.000000000000000000e+00
3.835932986712882464e-02 0.000000000000000000e+00
3.841709994222992225e-02 0.000000000000000000e+00
3.847487001733101986e-02 0.000000000000000000e+00
3.853264009243211746e-02 0.000000000000000000e+00
3.859041016753321507e-02 0.000000000000000000e+00
3.864818024263431268e-02 0.000000000000000000e+00
3.870595031773541028e-02 0.000000000000000000e+00
3.876372039283650789e-02 0.000000000000000000e+00
3.882149046793760550e-02 0.000000000000000000e+00
3.887926054303870310e-02 0.000000000000000000e+00
3.893703061813980071e-02 0.000000000000000000e+00
3.899480069324089831e-02 0.000000000000000000e+00
3.905257076834199592e-02 0.000000000000000000e+00
3.911034084344309353e-02 0.000000000000000000e+00
3.916811091854419113e-02 0.000000000000000000e+00
3.922588099364528874e-02 0.000000000000000000e+00
3.928365106874638635e-02 0.000000000000000000e+00
3.934142114384748395e-02 0.000000000000000000e+00
3.939919121894858156e-02 0.000000000000000000e+00
3.945696129404967917e-02 2.550000000000000000e+02
3.951473136915077677e-02 2.550000000000000000e+02
3.957250144425187438e-02 2.550000000000000000e+02
3.963027151935297199e-02 2.550000000000000000e+02
3.968804159445406959e-02 2.550000000000000000e+02
3.974581166955516720e-02 2.550000000000000000e+02
3.980358174465626481e-02 2.550000000000000000e+02
3.986135181975736241e-02 2.550000000000000000e+02
3.991912189485846002e-02 2.550000000000000000e+02
3.997689196995955763e-02 2.550000000000000000e+02
4.003466204506065523e-02 2.550000000000000000e+02
4.009243212016175284e-02 2.550000000000000000e+02
4.015020219526285045e-02 2.550000000000000000e+02
4.020797227036394805e-02 2.550000000000000000e+02
4.026574234546504566e-02 2.550000000000000000e+02
4.032351242056615021e-02 2.550000000000000000e+02
4.038128249566724781e-02 2.550000000000000000e+02
4.043905257076834542e-02 2.550000000000000000e+02
4.049682264586944302e-02 2.550000000000000000e+02
4.055459272097054063e-02 0.000000000000000000e+00
4.061236279607163824e-02 0.000000000000000000e+00
4.067013287117273584e-02 0.000000000000000000e+00
4.072790294627383345e-02 0.000000000000000000e+00
4.078567302137493106e-02 0.000000000000000000e+00
4.084344309647602866e-02 0.000000000000000000e+00
4.090121317157712627e-02 0.000000000000000000e+00
4.095898324667822388e-02 0.000000000000000000e+00
4.101675332177932148e-02 0.000000000000000000e+00
4.107452339688041909e-02 0.000000000000000000e+00
4.113229347198151670e-02 0.000000000000000000e+00
4.119006354708261430e-02 0.000000000000000000e+00
4.124783362218371191e-02 0.000000000000000000e+00
4.130560369728480952e-02 0.000000000000000000e+00
4.136337377238590712e-02 0.000000000000000000e+00
4.142114384748700473e-02 0.000000000000000000e+00
4.147891392258810234e-02 0.000000000000000000e+00
4.153668399768919994e-02 0.000000000000000000e+00
4.159445407279029755e-02 0.000000000000000000e+00
4.165222414789139516e-02 0.000000000000000000e+00
4.170999422299249276e-02 2.550000000000000000e+02
4.176776429809359037e-02 2.550000000000000000e+02
4.182553437319468798e-02 2.550000000000000000e+02
4.188330444829578558e-02 2.550000000000000000e+02
4.194107452339688319e-02 2.550000000000000000e+02
4.199884459849798080e-02 2.550000000000000000e+02
4.205661467359907840e-02 2.550000000000000000e+02
4.211438474870017601e-02 2.550000000000000000e+02
4.217215482380127362e-02 2.550000000000000000e+02
4.222992489890237122e-02 2.550000000000000000e+02
4.228769497400346883e-02 2.550000000000000000e+02
4.234546504910456644e-02 2.550000000000000000e+02
4.240323512420566404e-02 2.550000000000000000e+02
4.246100519930676165e-02 2.550000000000000000e+02
4.251877527440785925e-02 2.550000000000000000e+02
4.257654534950895686e-02 2.550000000000000000e+02
4.263431542461005447e-02 2.550000000000000000e+02
4.269208549971115207e-02 2.550000000000000000e+02
4.274985557481224968e-02 2.550000000000000000e+02
4.280762564991334729e-02 1.000000000000000000e+00
4.286539572501444489e-02 0.000000000000000000e+00
4.292316580011554250e-02 0.000000000000000000e+00
4.298093587521664011e-02 0.000000000000000000e+00
4.303870595031773771e-02 0.000000000000000000e+00
4.309647602541883532e-02 0.000000000000000000e+00
4.315424610051993293e-02 0.000000000000000000e+00
4.321201617562103053e-02 0.000000000000000000e+00
4.326978625072212814e-02 0.000000000000000000e+00
4.332755632582322575e-02 0.000000000000000000e+00
4.338532640092432335e-02 0.000000000000000000e+00
4.344309647602542096e-02 0.000000000000000000e+00
4.350086655112651857e-02 0.000000000000000000e+00
4.355863662622761617e-02 0.000000000000000000e+00
4.361640670132871378e-02 0.000000000000000000e+00
4.367417677642981139e-02 0.000000000000000000e+00
4.373194685153090899e-02 0.000000000000000000e+00
4.378971692663200660e-02 0.000000000000000000e+00
4.384748700173310421e-02 0.000000000000000000e+00
4.390525707683420181e-02 0.000000000000000000e+00
4.396302715193529942e-02 2.550000000000000000e+02
4.402079722703639703e-02 2.550000000000000000e+02
4.407856730213749463e-02 2.550000000000000000e+02
4.413633737723859224e-02 2.550000000000000000e+02
4.419410745233968985e-02 2.550000000000000000e+02
4.425187752744078745e-02 2.550000000000000000e+02
4.430964760254188506e-02 2.550000000000000000e+02
4.436741767764298267e-02 2.550000000000000000e+02
4.442518775274408027e-02 2.550000000000000000e+02
4.448295782784517788e-02 2.550000000000000000e+02
4.454072790294627548e-02 2.550000000000000000e+02
4.459849797804737309e-02 2.550000000000000000e+02
4.465626805314847070e-02 2.550000000000000000e+02
4.471403812824956830e-02 2.550000000000000000e+02
4.477180820335066591e-02 2.550000000000000000e+02
4.482957827845176352e-02 2.550000000000000000e+02
4.488734835355286112e-02 2.550000000000000000e+02
4.494511842865395873e-02 2.550000000000000000e+02
4.500288850375505634e-02 2.550000000000000000e+02
4.506065857885615394e-02 1.000000000000000000e+00
4.511842865395725155e-02 0.000000000000000000e+00
4.517619872905834916e-02 0.000000000000000000e+00
4.523396880415944676e-02 0.000000000000000000e+00
4.529173887926054437e-02 0.000000000000000000e+00
4.534950895436164198e-02 0.000000000000000000e+00
4.540727902946273958e-02 0.000000000000000000e+00
4.546504910456383719e-02 0.000000000000000000e+00
4.552281917966493480e-02 0.000000000000000000e+00
4.558058925476603240e-02 0.000000000000000000e+00
4.563835932986713001e-02 0.000000000000000000e+00
4.569612940496822762e-02 0.000000000000000000e+00
4.575389948006932522e-02 0.000000000000000000e+00
4.581166955517042283e-02 0.000000000000000000e+00
4.586943963027152044e-02 0.000000000000000000e+00
4.592720970537261804e-02 0.000000000000000000e+00
4.598497978047371565e-02 0.000000000000000000e+00
4.604274985557481326e-02 0.000000000000000000e+00
4.610051993067591086e-02 0.000000000000000000e+00
4.615829000577700847e-02 0.000000000000000000e+00
4.621606008087810608e-02 2.550000000000000000e+02
4.627383015597920368e-02 2.550000000000000000e+02
4.633160023108030129e-02 2.550000000000000000e+02
4.638937030618139890e-02 2.550000000000000000e+02
4.644714038128249650e-02 2.550000000000000000e+02
4.650491045638359411e-02 2.550000000000000000e+02
4.656268053148469171e-02 2.550000000000000000e+02
4.662045060658578932e-02 2.550000000000000000e+02
4.667822068168688693e-02 2.550000000000000000e+02
4.673599075678798453e-02 2.550000000000000000e+02
4.679376083188908214e-02 2.550000000000000000e+02
4.685153090699017975e-02 2.550000000000000000e+02
4.690930098209127735e-02 2.550000000000000000e+02
4.696707105719237496e-02 2.550000000000000000e+02
4.702484113229347257e-02 2.550000000000000000e+02
4.708261120739457017e-02 2.550000000000000000e+02
4.714038128249566778e-02 2.550000000000000000e+02
4.719815135759676539e-02 2.550000000000000000e+02
4.725592143269786299e-02 2.550000000000000000e+02
4.731369150779896060e-02 1.050000000000000000e+02
4.737146158290005821e-02 0.000000000000000000e+00
4.742923165800115581e-02 0.000000000000000000e+00
4.748700173310225342e-02 0.000000000000000000e+00
4.754477180820335103e-02 0.000000000000000000e+00
4.760254188330444863e-02 0.000000000000000000e+00
4.766031195840554624e-02 0.000000000000000000e+00
4.771808203350664385e-02 0.000000000000000000e+00
4.777585210860774145e-02 0.000000000000000000e+00
4.783362218370883906e-02 0.000000000000000000e+00
4.789139225880993667e-02 0.000000000000000000e+00
4.794916233391103427e-02 0.000000000000000000e+00
4.800693240901213188e-02 0.000000000000000000e+00
4.806470248411322949e-02 0.000000000000000000e+00
4.812247255921432709e-02 0.000000000000000000e+00
4.818024263431542470e-02 0.000000000000000000e+00
4.823801270941652231e-02 0.000000000000000000e+00
4.829578278451761991e-02 0.000000000000000000e+00
4.835355285961871752e-02 0.000000000000000000e+00
4.841132293471981513e-02 0.000000000000000000e+00
4.846909300982091273e-02 2.550000000000000000e+02
4.852686308492201034e-02 2.550000000000000000e+02
4.858463316002310795e-02 2.550000000000000000e+02
4.864240323512420555e-02 2.550000000000000000e+02
4.870017331022530316e-02 2.550000000000000000e+02
4.875794338532640076e-02 2.550000000000000000e+02
4.881571346042749837e-02 2.550000000000000000e+02
4.887348353552859598e-02 2.550000000000000000e+02
4.893125361062969358e-02 2.550000000000000000e+02
4.898902368573079119e-02 2.550000000000000000e+02
4.904679376083188880e-02 2.550000000000000000e+02
4.910456383593298640e-02 2.550000000000000000e+02
4.916233391103408401e-02 2.550000000000000000e+02
4.922010398613518162e-02 2.550000000000000000e+02
4.927787406123627922e-02 2.550000000000000000e+02
4.933564413633737683e-02 2.550000000000000000e+02
4.939341421143847444e-02 2.550000000000000000e+02
4.945118428653957204e-02 2.550000000000000000e+02
4.950895436164066965e-02 2.550000000000000000e+02
4.956672443674176726e-02 2.550000000000000000e+02
4.962449451184286486e-02 0.000000000000000000e+00
4.968226458694396247e-02 0.000000000000000000e+00
4.974003466204506008e-02 0.000000000000000000e+00
4.979780473714615768e-02 0.000000000000000000e+00
4.985557481224725529e-02 0.000000000000000000e+00
4.991334488734835290e-02 0.000000000000000000e+00
4.997111496244945050e-02 0.000000000000000000e+00
5.002888503755054811e-02 0.000000000000000000e+00
5.008665511265164572e-02 0.000000000000000000e+00
5.014442518775274332e-02 0.000000000000000000e+00
5.020219526285384093e-02 0.000000000000000000e+00
5.025996533795493854e-02 0.000000000000000000e+00
5.031773541305603614e-02 0.000000000000000000e+00
5.037550548815713375e-02 0.000000000000000000e+00
5.043327556325823136e-02 0.000000000000000000e+00
5.049104563835932896e-02 0.000000000000000000e+00
5.054881571346042657e-02 0.000000000000000000e+00
5.060658578856152418e-02 0.000000000000000000e+00
5.066435586366262178e-02 0.000000000000000000e+00
5.072212593876371939e-02 2.550000000000000000e+02
5.077989601386481699e-02 2.550000000000000000e+02
5.083766608896591460e-02 2.550000000000000000e+02
5.089543616406701221e-02 2.550000000000000000e+02
5.095320623916810981e-02 2.550000000000000000e+02
5.101097631426920742e-02 2.550000000000000000e+02
5.106874638937030503e-02 2.550000000000000000e+02
5.112651646447140263e-02 2.550000000000000000e+02
5.118428653957250024e-02 2.550000000000000000e+02
5.124205661467359785e-02 2.550000000000000000e+02
5.129982668977469545e-02 2.550000000000000000e+02
5.135759676487579306e-02 2.550000000000000000e+02
5.141536683997689067e-02 2.550000000000000000e+02
5.147313691507798827e-02 2.550000000000000000e+02
5.153090699017908588e-02 2.550000000000000000e+02
5.158867706528018349e-02 2.550000000000000000e+02
5.164644714038128109e-02 2.550000000000000000e+02
5.170421721548237870e-02 2.550000000000000000e+02
5.176198729058347631e-02 2.550000000000000000e+02
5.181975736568457391e-02 2.550000000000000000e+02
5.187752744078567152e-02 0.000000000000000000e+00
5.193529751588676913e-02 0.000000000000000000e+00
5.199306759098786673e-02 0.000000000000000000e+00
5.205083766608896434e-02 0.000000000000000000e+00
5.210860774119006195e-02 0.000000000000000000e+00
5.216637781629115955e-02 0.000000000000000000e+00
5.222414789139225716e-02 0.000000000000000000e+00
5.228191796649335477e-02 0.000000000000000000e+00
5.233968804159445237e-02 0.000000000000000000e+00
5.239745811669554998e-02 0.000000000000000000e+00
5.245522819179664759e-02 0.000000000000000000e+00
5.251299826689774519e-02 0.000000000000000000e+00
5.257076834199884280e-02 0.000000000000000000e+00
5.262853841709994041e-02 0.000000000000000000e+00
5.268630849220103801e-02 0.000000000000000000e+00
5.274407856730213562e-02 0.000000000000000000e+00
5.280184864240323322e-02 0.000000000000000000e+00
5.285961871750433083e-02 0.000000000000000000e+00
5.291738879260542844e-02 0.000000000000000000e+00
5.297515886770652604e-02 2.550000000000000000e+02
5.303292894280762365e-02 2.550000000000000000e+02
5.309069901790872126e-02 2.550000000000000000e+02
5.314846909300981886e-02 2.550000000000000000e+02
5.320623916811091647e-02 2.550000000000000000e+02
5.326400924321201408e-02 2.550000000000000000e+02
5.332177931831311168e-02 2.550000000000000000e+02
5.337954939341420929e-02 2.550000000000000000e+02
5.343731946851530690e-02 2.550000000000000000e+02
5.349508954361640450e-02 2.550000000000000000e+02
5.355285961871750211e-02 2.550000000000000000e+02
5.361062969381859972e-02 2.550000000000000000e+02
5.366839976891969732e-02 2.550000000000000000e+02
5.372616984402079493e-02 2.550000000000000000e+02
5.378393991912189254e-02 2.550000000000000000e+02
5.384170999422299014e-02 2.550000000000000000e+02
5.389948006932408775e-02 2.550000000000000000e+02
5.395725014442518536e-02 2.550000000000000000e+02
5.401502021952628296e-02 2.550000000000000000e+02
5.407279029462738057e-02 2.550000000000000000e+02
5.413056036972847818e-02 0.000000000000000000e+00
5.418833044482957578e-02 0.000000000000000000e+00
5.424610051993067339e-02 0.000000000000000000e+00
5.430387059503177100e-02 0.000000000000000000e+00
5.436164067013286860e-02 0.000000000000000000e+00
5.441941074523396621e-02 0.000000000000000000e+00
5.447718082033506382e-02 0.000000000000000000e+00
5.453495089543616142e-02 0.000000000000000000e+00
5.459272097053725903e-02 0.000000000000000000e+00
5.465049104563835664e-02 0.000000000000000000e+00
5.470826112073945424e-02 0.000000000000000000e+00
5.476603119584055185e-02 0.000000000000000000e+00
5.482380127094164946e-02 0.000000000000000000e+00
5.488157134604274706e-02 0.000000000000000000e+00
5.493934142114384467e-02 0.000000000000000000e+00
5.499711149624494227e-02 0.000000000000000000e+00
5.505488157134603988e-02 0.000000000000000000e+00
5.511265164644713749e-02 0.000000000000000000e+00
5.517042172154823509e-02 0.000000000000000000e+00
5.522819179664933270e-02 2.550000000000000000e+02
5.528596187175043031e-02 2.550000000000000000e+02
5.534373194685152791e-02 2.550000000000000000e+02
5.540150202195262552e-02 2.550000000000000000e+02
5.545927209705372313e-02 2.550000000000000000e+02
5.551704217215482073e-02 2.550000000000000000e+02
5.557481224725591834e-02 2.550000000000000000e+02
5.563258232235701595e-02 2.550000000000000000e+02
5.569035239745811355e-02 2.550000000000000000e+02
5.574812247255921116e-02 2.550000000000000000e+02
5.580589254766030877e-02 2.550000000000000000e+02
5.586366262276140637e-02 2.550000000000000000e+02
5.592143269786250398e-02 2.550000000000000000e+02
5.597920277296360159e-02 2.550000000000000000e+02
5.603697284806469919e-02 2.550000000000000000e+02
5.609474292316579680e-02 2.550000000000000000e+02
5.615251299826689441e-02 2.550000000000000000e+02
5.621028307336799201e-02 2.550000000000000000e+02
5.626805314846908962e-02 2.550000000000000000e+02
5.632582322357018723e-02 2.550000000000000000e+02
5.638359329867128483e-02 0.000000000000000000e+00
5.644136337377238244e-02 0.000000000000000000e+00
5.649913344887348698e-02 0.000000000000000000e+00
5.655690352397458459e-02 0.000000000000000000e+00
5.661467359907568220e-02 0.000000000000000000e+00
5.667244367417677980e-02 0.000000000000000000e+00
5.673021374927787741e-02 0.000000000000000000e+00
5.678798382437897502e-02 0.000000000000000000e+00
5.684575389948007262e-02 0.000000000000000000e+00
5.690352397458117023e-02 0.000000000000000000e+00
5.696129404968226784e-02 0.000000000000000000e+00
5.701906412478336544e-02 0.000000000000000000e+00
5.707683419988446305e-02 0.000000000000000000e+00
5.713460427498556066e-02 0.000000000000000000e+00
5.719237435008665826e-02 0.000000000000000000e+00
5.725014442518775587e-02 0.000000000000000000e+00
5.730791450028885348e-02 0.000000000000000000e+00
5.736568457538995108e-02 0.000000000000000000e+00
5.742345465049104869e-02 0.000000000000000000e+00
5.748122472559214630e-02 2.550000000000000000e+02
5.753899480069324390e-02 2.550000000000000000e+02
5.759676487579434151e-02 2.550000000000000000e+02
5.765453495089543912e-02 2.550000000000000000e+02
5.771230502599653672e-02 2.550000000000000000e+02
5.777007510109763433e-02 2.550000000000000000e+02
5.782784517619873194e-02 2.550000000000000000e+02
5.788561525129982954e-02 2.550000000000000000e+02
5.794338532640092715e-02 2.550000000000000000e+02
5.800115540150202476e-02 2.550000000000000000e+02
5.805892547660312236e-02 2.550000000000000000e+02
5.811669555170421997e-02 2.550000000000000000e+02
5.817446562680531758e-02 2.550000000000000000e+02
5.823223570190641518e-02 2.550000000000000000e+02
5.829000577700751279e-02 2.550000000000000000e+02
5.834777585210861039e-02 2.550000000000000000e+02
5.840554592720970800e-02 2.550000000000000000e+02
5.846331600231080561e-02 2.550000000000000000e+02
5.852108607741190321e-02 2.550000000000000000e+02
5.857885615251300082e-02 2.550000000000000000e+02
5.863662622761409843e-02 0.000000000000000000e+00
5.869439630271519603e-02 0.000000000000000000e+00
5.875216637781629364e-02 0.000000000000000000e+00
5.880993645291739125e-02 0.000000000000000000e+00
5.886770652801848885e-02 0.000000000000000000e+00
5.892547660311958646e-02 0.000000000000000000e+00
5.898324667822068407e-02 0.000000000000000000e+00
5.904101675332178167e-02 0.000000000000000000e+00
